6 6 10  -1 -1 -1 1 1 -1  -1 3 -1 -1 -1 0  2 3 -1 3 3 2  -1 -1 2 -1 -1 -1  -1 2 2 3 -1 3  -1 1 -1 -1 -1 1  
6 6 10 -1 -1 -1 1 1 1  3 4 -1 2 -1 -1  2 -1 -1 -1 -1 -1  -1 -1 2 2 -1 2  1 2 -1 -1 1 -1  -1 1 -1 1 0 -1 	
6 6 10 -1 -1 -1 -1 -1 -1  -1 2 2 2 3 -1  -1 2 0 0 2 -1  -1 2 0 0 2 -1  -1 3 2 2 2 -1  -1 -1 -1 -1 -1 -1 
6 6 10 -1 1 -1 1 1 -1  2 2 3 -1 -1 1  -1 -1 5 -1 5 -1  2 -1 5 -1 -1 -1  -1 2 -1 -1 3 -1  -1 -1 1 1 -1 0 	
3 3 2 2 -1 -1 -1 -1 -1 -1 -1 -1
4 4 5 2 -1 -1 1 -1 3 -1 -1 -1 -1 -1 -1 1 -1 1 -1
5 5 7 2 -1 1 -1 -1 -1 -1 3 -1 1 2 -1 -1 -1 -1 -1 4 3 -1 -1 -1 2 -1 1 0



8 8 10 -1 2 -1 -1 1 -1 -1 -1 -1 -1 2 -1 3 2 -1 -1 -1 -1 3 -1 2 -1 -1 -1 1 -1 -1 2 -1 -1 -1 -1 -1 -1 -1 -1 -1 -1 -1 -1 -1 -1 -1 -1 -1 -1 2 -1 -1 -1 -1 2 -1 -1 -1 2 -1 -1 -1 -1 -1 -1 -1 -1 -1

8 8 8 -1 -1 -1 -1 -1 -1 -1 -1 -1 -1 -1 -1 8 -1 -1 -1 -1 -1 -1 -1 -1 -1 -1 -1 -1 -1 -1 -1 -1 -1 -1 -1 -1 -1 -1 -1 -1 -1 -1 -1 -1 -1 -1 -1 -1 -1 -1 -1 -1 -1 -1 -1 -1 -1 -1 -1

